cluster 1	cluster 2	cluster 3	cluster 4	cluster 5	cluster 6	cluster 7	cluster 8	cluster 9	cluster 10	cluster 11	cluster 12	cluster 13	cluster 14	cluster 15	cluster 16	cluster 17	cluster 18	cluster 19	cluster 20	cluster 21	cluster 22	cluster 23	cluster 24	cluster 25	cluster 26	cluster 27	cluster 28	cluster 29	cluster 30	cluster 31	cluster 32
GABA receptor activity	3.10491220477539	0	0	0	0	0	0	0	0	0	0	0	0	0	0	0	0	0	0	0	0	0	0	0	0	4	0	0	0	4	0	0
drug binding	2.09329975020215	4	4	0	4	0	2.06147516375337	0	3.99618270671152	0	4	3.26264943856275	2.01110802781451	4	2.54193386279036	2.50436395876649	2.91523208589972	0	0	0	4	3.91918565866108	4	4	1.60415708203316	4	0	4	0	4	0	0
transcription coactivator binding	1.85729477042675	0	0	0	0	0	0	0	0	0	0	0	0	0	0	0	0	0	0	0	0	0	1.80880557567114	0	0	0	0	0	0	0	0	0
hydrolase activity, acting on carbon-nitrogen (but not peptide) bonds, in linear amidines	1.85729477042675	0	0	0	0	0	0	0	0	0	0	0	0	0	0	0	0	0	0	0	0	0	0	0	0	0	0	0	0	0	0	0
phosphate ion binding	1.85729477042675	0	0	0	0	0	0	0	0	0	0	0	0	0	0	0	0	0	0	0	0	0	0	0	0	0	0	0	0	0	0	0
folic acid binding	1.85729477042675	2.55534801430678	0	0	0	0	0	0	0	0	0	0	0	0	0	0	3.09283523631354	0	0	0	0	0	0	0	0	0	0	0	0	0	0	0
RNA-directed DNA polymerase activity	1.85729477042675	0	0	0	0	0	0	0	0	0	0	0	0	0	0	0	0	0	0	0	0	0	0	0	0	0	0	0	0	0	0	0
telomerase RNA binding	1.85729477042675	0	0	0	0	0	0	0	0	0	0	0	0	0	0	0	0	0	0	0	0	0	0	0	0	0	0	0	0	0	0	0
organic acid binding	1.79734213240459	2.09980399714635	0	1.51238588799542	0	0	0	0	0	0	0	0	0	0	0	0	2.75055547334285	0	0	0	0	0	0	0	0	0	0	0	0	0	0	0
transcription cofactor binding	1.79734213240459	0	0	0	0	0	0	0	0	0	0	0	0	0	0	0	0	0	0	0	0	0	0	0	0	0	0	0	0	0	0	0
telomeric DNA binding	1.72408638638208	0	0	0	0	0	0	0	0	0	0	0	0	0	0	0	0	0	0	0	0	0	0	0	0	0	0	0	0	0	0	0
gated channel activity	0	4	4	4	4	0	0	0	0	0	4	0	0	4	0	1.94683220394528	0	2.03261854359537	0	0	4	0	0	4	4	4	0	4	0	4	0	4
cation channel activity	0	4	4	4	4	0	0	0	0	0	4	0	0	4	0	2.84607709235219	0	2.08337560267157	0	0	4	0	0	4	3.91238522564849	4	0	4	0	3.97915024217155	0	4
ion channel activity	0	4	4	4	4	0	0	0	0	0	4	0	0	4	0	2.27534898813927	0	0	0	0	4	0	0	4	4	4	0	4	0	4	0	4
substrate-specific channel activity	0	4	4	4	4	0	0	0	0	0	4	0	0	4	0	2.22218492319055	0	0	0	0	4	0	0	4	4	4	0	4	0	4	0	4
channel activity	0	4	4	4	4	0	0	0	0	0	4	0	0	4	0	2.12179532576108	0	0	0	0	4	0	0	4	4	4	0	3.9542278109016	0	4	0	4
passive transmembrane transporter activity	0	4	4	4	4	0	0	0	0	0	4	0	0	4	0	2.12179532576108	0	0	0	0	4	0	0	4	4	4	0	3.9542278109016	0	4	0	4
metal ion transmembrane transporter activity	0	4	4	4	4	0	0	0	1.92614769815832	0	4	0	0	2.21549211612818	0	2.27645476500487	0	0	0	0	2.7807435259351	0	0	4	4	4	0	4	0	4	0	4
potassium channel activity	0	4	3.40881129550709	4	0	0	2.06147516375337	0	0	0	0	0	0	0	0	0	0	2.41352751034797	0	0	0	0	0	4	3.39304871825917	0	0	4	0	0	0	0
potassium ion transmembrane transporter activity	0	4	2.98111266224025	4	2.09931212701176	0	2.06147516375337	0	3.33073743744729	0	0	1.90168020676916	0	0	0	0	0	2.330182606908	0	0	0	0	0	3.69133010800092	3.13612976128319	0	0	4	0	0	0	0
monovalent inorganic cation transmembrane transporter activity	0	4	3.56599924718675	4	4	0	0	0	2.1162896884582	0	0	0	0	0	0	0	0	2.01250942867656	0	0	0	0	0	3.88736287778218	4	4	0	4	0	2.20029545877912	0	0
calcium-activated potassium channel activity	0	4	0	0	0	0	0	0	0	0	0	0	0	0	0	0	0	0	0	0	0	0	0	0	0	0	0	0	0	0	0	0
calcium activated cation channel activity	0	4	0	0	0	0	0	0	0	0	0	0	0	0	0	0	0	0	0	0	0	0	0	0	0	0	0	0	0	0	0	0
G-protein coupled amine receptor activity	0	4	4	0	4	0	0	0	0	4	4	1.76824932790623	0	0	0	0	0	0	0	0	2.21789918834932	0	0	1.67437101270085	0	4	0	4	0	4	0	0
neurotransmitter receptor activity	0	4	4	3.38389230884021	4	0	0	0	0	2.57501526490845	4	0	0	4	0	0	0	0	0	0	4	0	0	4	0	4	0	4	0	4	0	0
ion gated channel activity	0	4	0	0	0	0	0	0	0	0	0	0	0	0	0	0	0	0	0	0	0	0	0	0	0	0	0	0	0	0	0	0
catecholamine binding	0	4	4	0	4	0	0	0	0	4	4	0	0	0	0	0	0	0	0	0	0	0	0	4	0	4	0	4	0	4	0	0
adrenergic receptor activity	0	4	4	0	3.24017178408077	0	0	0	0	4	4	0	0	0	0	0	0	0	0	0	0	0	0	0	0	4	0	4	0	4	0	0
voltage-gated ion channel activity	0	4	4	4	4	0	2.03660509795173	0	0	0	3.65198836574569	0	0	0	0	0	0	2.24379322095553	0	0	0	0	0	4	3.85480265679125	4	0	4	0	0	0	4
voltage-gated channel activity	0	4	4	4	4	0	2.03660509795173	0	0	0	3.65198836574569	0	0	0	0	0	0	2.24379322095553	0	0	0	0	0	4	3.85480265679125	4	0	4	0	0	0	4
ligand-gated ion channel activity	0	4	0	3.98759668024725	4	0	2.06147516375337	0	0	0	4	0	0	4	0	3.06430010143052	0	2.35529454313273	0	0	4	0	0	1.82193470296992	2.27245273378207	4	0	0	0	4	0	0
ligand-gated channel activity	0	4	0	3.98759668024725	4	0	2.06147516375337	0	0	0	4	0	0	4	0	3.06430010143052	0	2.35529454313273	0	0	4	0	0	1.82193470296992	2.27245273378207	4	0	0	0	4	0	0
voltage-gated cation channel activity	0	4	4	4	4	0	2.06147516375337	0	0	0	4	0	0	0	0	0	0	2.35855087200573	0	0	0	0	0	4	3.33563847659135	0	0	4	0	0	0	4
amine binding	0	4	4	0	4	0	0	0	0	4	4	0	0	0	0	0	0	0	0	0	1.67798974108011	0	0	0	0	4	0	4	0	4	0	0
serotonin binding	0	4	4	0	4	0	0	0	0	4	4	0	0	0	0	0	0	0	0	0	1.67798974108011	0	0	0	0	4	0	4	0	4	0	0
voltage-gated potassium channel activity	0	4	3.94834122113578	4	0	0	2.06147516375337	0	1.63882694418825	0	0	0	0	0	0	0	0	2.50863314850685	0	0	0	0	0	4	3.85480265679125	0	0	4	0	0	0	0
serotonin receptor activity	0	4	4	0	4	0	0	0	0	3.50071702250072	4	0	0	0	0	0	0	0	0	0	0	0	0	0	0	4	0	4	0	4	0	0
transmitter-gated ion channel activity	0	4	0	4	3.8343476112455	0	0	0	0	0	4	0	0	2.80998493004323	0	0	0	0	0	0	4	0	0	0	0	4	0	0	0	4	0	0
transmitter-gated channel activity	0	4	0	4	3.8343476112455	0	0	0	0	0	4	0	0	2.80998493004323	0	0	0	0	0	0	4	0	0	0	0	4	0	0	0	4	0	0
extracellular ligand-gated ion channel activity	0	4	0	4	2.85970440743957	0	0	0	0	0	4	0	0	4	0	0	0	0	0	0	4	0	0	0	0	4	0	0	0	4	0	0
ionotropic glutamate receptor activity	0	4	0	2.67021674220907	2.7791749399198	0	0	0	0	0	4	0	0	0	0	0	0	0	0	0	4	0	0	0	0	0	0	0	0	4	0	0
potassium channel regulator activity	0	4	2.6920282515153	0	0	0	0	0	0	0	0	0	0	0	0	0	0	0	0	0	0	0	0	3.04780444272199	0	0	0	1.77330925430818	0	0	0	0
RNA polymerase II transcription factor activity, ligand-activated sequence-specific DNA binding	0	4	0	0	0	0	0	0	2.09784336305868	0	0	1.85283126210883	0	0	0	0	3.41119712491789	0	4	0	0	0	4	0	3.35153998158721	0	0	0	0	0	0	0
transcription factor activity, direct ligand regulated sequence-specific DNA binding	0	4	0	0	0	0	0	0	2.09784336305868	0	0	1.85283126210883	0	0	0	0	3.41119712491789	0	4	0	0	0	4	0	3.35153998158721	0	0	0	0	0	0	0
inward rectifier potassium channel activity	0	4	2.11452007489323	0	0	0	2.1210092423249	0	0	1.69942744416975	0	2.28835892445866	0	0	0	0	0	3.33611286455846	0	0	0	0	0	2.30426372898146	0	0	0	0	0	0	0	0
excitatory extracellular ligand-gated ion channel activity	0	4	0	4	3.17337150051378	0	0	0	0	0	4	0	0	4	0	0	0	0	0	0	4	0	0	0	0	0	0	0	0	4	0	0
glutamate receptor activity	0	4	0	2.30096282358547	3.98919314254103	0	0	0	0	0	4	0	0	0	0	0	0	0	0	0	4	0	0	0	0	0	0	0	0	4	0	0
G-protein coupled serotonin receptor activity	0	4	4	0	4	0	0	0	0	3.50071702250072	4	0	0	0	0	0	0	0	0	0	0	0	0	0	0	4	0	4	0	4	0	0
dopamine binding	0	4	4	0	4	0	0	0	0	0	3.47769654499129	0	0	1.84727126336656	0	0	0	0	0	0	0	0	0	2.93920544463926	0	4	0	4	0	4	0	0
calmodulin binding	0	4	0	0	3.69628951706935	0	0	0	0	0	1.98929295043664	0	0	0	0	2.69443631090438	0	0	0	0	0	0	0	0	0	0	0	0	0	0	0	2.47322034747866
oxidoreductase activity, acting on paired donors, with incorporation or reduction of molecular oxygen, NAD(P)H as one donor, and incorporation of one atom of oxygen	0	3.97870863030635	0	0	0	0	0	0	0	0	2.36426367865352	0	0	0	0	0	0	0	0	0	0	0	0	0	0	0	0	0	0	0	0	0
FMN binding	0	3.94444091064977	0	0	0	0	0	0	0	0	3.16419313424	0	0	0	0	0	0	0	0	0	0	0	0	0	0	0	0	0	0	0	0	0
carboxylic acid binding	0	3.8806165718661	0	4	0	0	0	0	0	0	4	0	0	0	0	0	2.61195406955734	0	0	0	3.53247465677048	0	2.9465243667903	0	0	0	0	0	0	4	0	0
amino acid binding	0	3.58199858600539	0	4	1.9829011340186	0	0	0	0	0	4	0	0	0	0	0	0	0	0	0	4	0	0	0	0	0	0	0	0	4	0	0
extracellular-glutamate-gated ion channel activity	0	3.58199858600539	0	2.61209048166593	2.75178435201404	0	0	0	0	0	4	0	0	0	0	0	0	0	0	0	4	0	0	0	0	0	0	0	0	4	0	0
protein heterodimerization activity	0	3.4519689739667	2.86435371944435	0	0	0	0	0	0	2.43712191233908	2.19130370088103	0	0	2.84029715602105	1.72722616141879	0	0	0	0	0	1.88727634593689	0	1.80880557567114	0	0	0	2.35262330220995	2.04882157962507	0	0	0	0
steroid hormone receptor activity	0	3.4519689739667	0	0	0	0	0	0	1.92614769815832	0	0	1.72401483324661	0	0	0	0	3.30646179053376	0	4	0	0	0	4	0	3.13031325803187	0	0	0	4	0	0	0
heme binding	0	3.23169058506061	1.53761079451854	0	0	0	0	3.8303503496391	0	0	0	0	0	2.79351577746777	0	0	0	0	2.09194929474763	0	0	0	0	1.9156375821691	0	0	0	0	0	0	0	0
G-protein coupled peptide receptor activity	0	3.21745679036536	0	0	0	4	0	0	0	0	2.37618406926571	0	0	4	0	0	2.75055547334285	0	0	0	0	0	0	3.99769489277638	2.34774302959664	0	0	2.64350452122172	0	0	0	2.02163200927895
channel regulator activity	0	3.21745679036536	1.52642629174164	2.60597021038499	0	0	0	0	0	0	0	0	0	0	0	0	0	0	0	0	0	0	0	1.90696600643314	3.35153998158721	3.90872917666085	0	0	0	0	0	0
peptide receptor activity	0	3.21028192533975	0	0	0	4	0	0	0	0	2.37247730571836	0	0	4	0	0	2.75055547334285	0	0	0	0	0	0	3.99769489277638	2.34774302959664	0	0	2.64145400053962	0	0	0	2.02163200927895
actinin binding	0	3.15059132337839	1.88545089913844	0	0	0	0	0	0	0	0	0	0	0	0	0	0	0	0	0	0	0	2.9465243667903	0	0	0	0	0	0	0	0	2.19664414891651
tetrapyrrole binding	0	3.13509259456576	0	0	0	0	0	3.8303503496391	0	0	0	0	0	2.73003887326413	0	0	0	0	2.05136992795921	0	0	0	0	1.85268467229158	0	0	0	0	0	0	0	0
sodium ion transmembrane transporter activity	0	3.11358115363177	0	4	4	0	0	0	0	0	2.31697510508983	0	0	0	0	0	0	0	0	0	0	0	0	0	2.2889328033427	4	0	2.55525590541852	0	2.30318895426253	0	0
phosphatase binding	0	2.91361772332713	0	0	2.09931212701176	0	0	0	0	0	0	0	0	0	0	0	0	0	0	0	0	2.24502526137658	1.80880557567114	0	0	0	4	0	0	0	0	0
oxidoreductase activity, acting on paired donors, with incorporation or reduction of molecular oxygen	0	2.83213002089364	0	0	0	0	0	2.57537987875312	0	0	0	0	0	0	0	0	0	0	1.96296199486307	0	0	0	0	1.70430336794646	0	0	0	0	0	0	0	0
monooxygenase activity	0	2.73983683534156	1.84039714891612	0	0	0	0	0	0	0	0	0	0	0	0	0	0	0	2.27408709734321	0	0	0	0	0	0	0	0	0	0	0	0	0
monoamine transmembrane transporter activity	0	2.69037477852426	0	0	0	0	0	0	0	0	4	0	0	4	0	0	0	0	0	0	0	0	0	0	0	4	0	4	0	4	0	0
anion binding	0	2.68766027512246	0	4	0	0	0	0	0	0	4	0	0	0	0	0	2.0985596377775	0	0	0	2.68080249434882	0	2.28466850514228	0	0	0	0	0	0	4	2.18499582248934	0
NADP binding	0	2.61622617602441	0	0	0	0	0	0	0	0	2.30382696213259	3.01257962777305	0	0	0	0	0	0	0	0	0	0	0	0	0	0	0	0	0	0	0	1.87848805849068
scaffold protein binding	0	2.56931403800919	3.82600326372495	2.59116669119122	4	0	2.08356724263885	2.29126600390971	0	0	0	0	0	0	0	0	0	0	0	0	2.32170645959368	0	0	2.97941308475557	0	2.4677934392019	1.8586955533505	1.72983233013009	0	0	0	3.10370875450002
protein phosphatase binding	0	2.54511341802537	0	0	2.44906957364628	0	0	1.6603517314025	0	0	0	0	0	0	0	0	0	0	0	0	0	2.48629432870035	0	0	0	0	4	0	0	0	0	0
calcium channel activity	0	2.52292594042305	4	0	3.47356479089762	0	0	0	0	0	4	0	0	1.84727126336656	0	4	0	0	0	0	4	0	0	0	0	0	0	0	0	2.58186038678433	0	4
glycine binding	0	2.37773316411563	0	4	2.95063975374541	0	0	0	0	0	4	0	0	0	0	0	0	0	0	0	4	0	0	0	0	0	0	0	0	4	0	0
calcium ion transmembrane transporter activity	0	2.34797433082501	4	0	3.28867929287686	0	0	0	0	0	4	0	0	1.79227580015909	0	4	0	0	0	0	4	0	0	0	0	0	0	0	0	3.33405075316226	0	4
icosanoid receptor activity	0	2.33407158508531	0	0	0	0	0	0	2.91436264406037	0	0	0	4	0	0	0	0	0	0	0	0	0	1.76811578637571	0	0	0	0	0	0	0	0	4
G-protein alpha-subunit binding	0	2.19653568979434	2.20944971316353	0	0	0	0	0	0	0	2.96245135575987	0	0	0	0	0	0	0	0	0	0	0	0	0	0	2.19255051418456	0	3.9542278109016	0	2.30318895426253	0	0
neurotransmitter:sodium symporter activity	0	2.19653568979434	0	1.58109640263998	0	0	0	0	0	0	4	0	0	3.18879807625086	0	0	0	0	0	0	0	0	0	0	0	3.62622071826791	0	3.9542278109016	0	3.78414432944371	0	0
voltage-gated sodium channel activity	0	2.17042913606813	2.18125016993148	4	4	0	0	0	0	0	0	0	0	0	0	0	0	0	0	0	0	0	0	0	0	4	0	0	0	0	0	0
ankyrin binding	0	2.17042913606813	3.6443294393185	0	2.75178435201404	0	0	0	0	0	0	0	0	0	0	0	0	2.1461886016976	0	0	0	0	1.69892858374057	0	0	0	0	2.39541407422292	0	0	0	0
voltage-gated ion channel activity involved in regulation of postsynaptic membrane potential	0	2.17042913606813	2.18125016993148	4	4	0	0	0	0	0	0	0	0	0	0	0	0	0	0	0	0	0	0	0	0	4	0	0	0	0	0	0
alpha-actinin binding	0	2.13412098869365	2.14692058853909	0	0	0	0	0	0	0	0	0	0	0	0	0	0	0	0	0	0	0	3.13419394789882	0	0	0	0	0	0	0	0	2.46332694982757
fibroblast growth factor binding	0	2.06729148451294	0	1.48441549795828	0	0	0	0	0	0	0	0	0	0	0	0	0	0	0	0	0	0	0	0	0	0	4	2.28341248920824	0	0	0	0
transcription factor binding	0	2.02783746027388	0	0	0	0	0	0	0	0	0	0	0	0	0	0	0	0	0	0	0	0	4	0	1.66357015029011	0	0	0	0	0	0	0
cofactor binding	0	2.02783746027388	0	4	0	0	0	0	0	0	0	0	0	0	0	0	0	2.11752332791643	0	0	0	0	0	0	0	0	0	0	0	0	0	0
iron ion binding	0	2.02783746027388	0	0	0	0	0	0	0	0	0	0	0	0	0	0	0	0	1.96224600037241	0	0	0	0	1.69106231386663	0	0	0	0	0	0	0	0
neurotransmitter transporter activity	0	2.01818850063977	0	0	0	0	0	0	0	0	4	0	0	2.96061674848067	0	0	0	0	0	0	0	0	0	0	0	4	0	3.63110514717463	0	4	0	0
oxidoreductase activity, acting on single donors with incorporation of molecular oxygen, incorporation of two atoms of oxygen	0	1.99005472627758	0	0	0	0	0	2.69614127289165	0	0	0	0	0	0	0	0	0	0	0	0	0	0	0	0	0	0	0	0	0	0	0	0
divalent inorganic cation transmembrane transporter activity	0	1.97948789344791	4	0	2.90126009482026	0	0	0	0	0	4	0	0	0	0	3.84853810646967	0	0	0	0	4	0	0	0	0	0	0	0	0	2.78714679451322	0	4
oxidoreductase activity, acting on single donors with incorporation of molecular oxygen	0	1.97378416218567	0	0	0	0	0	2.69614127289165	0	0	0	0	0	0	0	0	0	0	0	0	0	0	0	0	0	0	0	0	0	0	0	0
protein phosphatase 2A binding	0	1.97378416218567	0	0	0	0	0	0	0	0	2.68898042198231	0	0	0	0	0	0	0	0	0	0	0	0	0	0	0	0	0	0	2.01535324353655	0	0
enhancer binding	0	1.86548867094342	0	0	0	0	0	0	0	0	0	0	0	0	0	0	0	0	0	0	0	0	0	0	0	0	0	0	0	0	0	0
solute:cation symporter activity	0	1.84575852484824	0	1.67397418758642	0	0	0	0	4	0	2.67735783048681	0	0	1.9366103742826	0	0	0	0	0	0	0	0	0	0	1.61206993910563	1.68921189535499	0	2.08472682986935	0	1.88993679590926	2.92120514613647	0
RNA polymerase II transcription factor binding	0	1.77952774383007	0	0	0	0	0	0	0	0	0	0	0	0	0	0	0	0	0	0	0	0	0	0	0	0	0	0	0	0	0	0
active ion transmembrane transporter activity	0	1.73954524254045	0	0	0	0	0	0	4	0	0	0	0	0	0	0	0	0	0	0	0	0	0	0	0	0	0	0	0	0	0	0
sodium channel activity	0	1.73265316482841	1.70208151353353	4	4	0	0	0	0	0	0	0	0	0	0	0	0	0	0	0	0	0	0	0	0	4	0	0	0	0	0	0
transcriptional activator activity, RNA polymerase II transcription regulatory region sequence-specific binding	0	1.72895865230608	0	0	0	0	0	0	0	0	0	0	0	0	0	0	0	0	4	0	0	0	3.07270860986455	0	0	0	0	0	0	0	0	0
ion channel binding	0	1.71111861750216	0	4	3.47493430893174	0	0	0	0	0	0	0	1.95180663115653	0	0	0	0	0	0	0	0	0	0	3.08181040999346	0	0	3.00374412592629	0	0	0	0	3.23877042586236
organic hydroxy compound transmembrane transporter activity	0	1.68207409415184	0	0	0	0	0	0	0	0	3.65542298401595	3.14458888747064	0	4	0	0	0	0	0	0	0	0	0	0	0	2.68047271300301	0	3.05260465830108	0	2.86215181407406	0	0
voltage-gated calcium channel activity	0	1.64623193132254	4	0	3.47493430893174	0	0	0	0	0	4	0	0	0	0	0	0	0	0	0	0	0	0	1.84640544841617	0	2.62717429352833	0	0	0	0	0	4
transcriptional activator activity, RNA polymerase II core promoter proximal region sequence-specific binding	0	1.58180116986546	0	0	0	0	0	0	0	0	0	0	0	0	0	0	0	0	3.65330267380844	0	0	0	0	0	0	0	0	0	0	0	0	0
active transmembrane transporter activity	0	1.54966041447405	0	0	0	0	0	0	3.99618270671152	0	3.27529157099238	2.38040060807349	0	0	0	0	0	0	0	2.01832558536253	0	0	0	0	0	0	0	0	0	1.54793759588295	4	0
high voltage-gated calcium channel activity	0	0	4	0	0	0	0	0	0	0	3.47769654499129	0	0	0	0	0	0	0	0	0	0	0	0	0	0	0	0	0	0	0	0	4
phosphoric diester hydrolase activity	0	0	4	0	2.67446253581044	0	0	0	0	0	3.82339972490772	0	4	0	0	4	0	0	0	0	0	0	0	4	0	1.7569451027986	0	2.1579002659514	0	1.95835968830444	0	4
3',5'-cyclic-nucleotide phosphodiesterase activity	0	0	4	0	2.57363937238545	0	0	0	0	0	0	0	4	0	0	4	0	2.11752332791643	0	0	0	0	0	4	0	0	0	0	0	0	0	4
cyclic-nucleotide phosphodiesterase activity	0	0	4	0	2.54778738992917	0	0	0	0	0	0	0	4	0	0	4	0	2.11752332791643	0	0	0	0	0	4	0	0	0	0	0	0	0	4
3',5'-cyclic-GMP phosphodiesterase activity	0	0	4	0	2.99194569208582	0	0	0	0	0	0	0	0	0	0	4	0	2.21470270078461	0	0	0	0	0	4	0	0	0	0	0	0	0	2.77603146659862
cyclic nucleotide binding	0	0	4	0	0	0	0	0	0	0	0	0	4	0	0	4	0	2.01435325493326	0	0	0	0	0	4	0	0	0	0	0	0	0	4
acetylcholine receptor activity	0	0	4	0	0	0	0	0	0	0	4	0	0	4	0	0	0	0	0	0	4	0	0	0	0	4	0	4	0	4	0	0
cGMP binding	0	0	4	0	0	0	0	0	0	0	0	0	0	0	0	4	0	0	0	0	0	0	0	4	0	0	0	0	0	0	0	0
phosphoric ester hydrolase activity	0	0	4	0	1.84668968337733	0	0	0	0	0	1.9027892210173	0	3.0925907140946	0	0	4	0	0	0	0	0	0	0	2.91308478388857	0	0	0	0	0	0	0	3.08212641116558
3',5'-cyclic-AMP phosphodiesterase activity	0	0	3.98843030776577	0	2.95063975374541	0	0	0	0	0	0	0	4	0	0	4	0	2.20338252683251	0	0	0	0	0	2.62913454902856	0	0	0	0	0	0	0	4
adrenergic receptor binding	0	0	3.77536769569764	0	0	0	0	0	0	3.79824527182299	0	0	0	0	0	0	0	0	0	0	0	0	0	0	0	4	0	4	0	2.33503293396378	0	0
aromatase activity	0	0	3.47918246749571	0	0	0	0	0	0	0	0	0	0	0	0	0	0	0	1.76046508987817	0	0	0	0	0	0	0	0	0	0	0	0	0
cAMP binding	0	0	3.43321076551184	0	0	0	0	0	0	0	0	0	4	0	0	4	0	2.11752332791643	0	0	0	0	0	2.25251720184073	0	0	0	0	0	0	0	3.97993992942384
oxidoreductase activity, acting on paired donors, with incorporation or reduction of molecular oxygen, reduced flavin or flavoprotein as one donor, and incorporation of one atom of oxygen	0	0	3.3477246801224	0	0	0	0	0	0	0	0	0	0	0	0	0	0	0	1.73203043639195	0	0	0	0	0	0	0	0	0	0	0	0	0
phosphatidylinositol phospholipase C activity	0	0	3.30785215406854	0	0	0	0	0	0	0	4	0	0	0	0	0	0	0	0	0	0	0	0	0	0	3.16924398689334	0	3.54190594618361	0	3.3353949087777	0	0
phospholipase C activity	0	0	3.17909794270886	0	0	0	0	0	0	0	4	0	0	0	0	0	0	0	0	0	0	0	0	0	0	3.04081270765134	0	3.41544463216173	0	3.21636469018784	0	0
steroid hydroxylase activity	0	0	3.06417922424019	0	0	0	0	0	0	0	0	0	0	0	0	0	0	0	3.05418496897338	0	0	0	0	0	0	0	0	0	0	0	0	0
oxygen binding	0	0	2.64545121345533	0	0	0	0	0	0	0	0	0	0	0	0	0	0	0	2.78932673877145	0	0	0	0	0	0	0	0	0	0	0	1.79718603113602	0
nitric-oxide synthase binding	0	0	2.29813764127542	0	4	0	0	0	0	0	0	0	0	0	0	0	0	0	0	0	0	0	0	0	0	2.2736571019821	0	2.5182960262511	0	2.37713900257794	0	0
phospholipase activity	0	0	1.83531418124916	0	0	0	0	0	0	0	3.72393971041217	0	0	0	0	0	0	0	0	0	0	0	0	0	0	1.69409033585645	0	2.08849021660852	0	1.89540221401715	0	0
lipase activity	0	0	1.58698968151502	0	0	0	0	0	0	0	3.42556393953502	2.11119211690429	0	0	0	0	0	0	0	0	0	0	0	0	0	0	0	1.84732521549988	0	1.64755681119419	0	0
delayed rectifier potassium channel activity	0	0	0	4	2.39961175874355	0	2.08356724263885	0	0	1.56772761596965	0	0	0	0	0	0	0	0	0	0	0	0	0	3.46200936676528	4	0	0	4	0	0	0	0
outward rectifier potassium channel activity	0	0	0	4	0	0	0	0	0	0	0	0	0	0	0	0	0	0	0	0	0	0	0	2.88079386528169	0	0	0	2.8301593141206	0	0	0	0
pyridoxal phosphate binding	0	0	0	4	0	0	0	0	0	0	0	0	0	0	0	0	0	0	0	0	0	0	0	0	0	0	0	0	0	0	1.77757004030276	0
glucosidase activity	0	0	0	4	0	0	0	0	0	0	0	0	0	0	0	0	0	0	0	0	0	0	0	0	0	0	0	0	0	0	0	0
cation:amino acid symporter activity	0	0	0	4	0	0	0	0	0	0	0	0	0	0	0	0	0	0	0	0	0	0	0	0	0	0	0	0	0	0	0	0
transferase activity, transferring nitrogenous groups	0	0	0	3.76132419581578	0	0	0	0	0	0	0	0	0	0	0	0	0	0	0	0	0	0	0	0	0	0	0	0	0	0	0	0
neutral amino acid transmembrane transporter activity	0	0	0	3.1997215652419	0	0	0	0	0	0	0	0	0	0	0	0	0	0	0	0	0	0	0	0	0	0	0	0	0	0	0	0
sodium channel regulator activity	0	0	0	3.15750022137263	0	0	0	0	0	0	0	0	0	0	0	0	0	0	0	0	0	0	0	0	0	4	0	0	0	0	0	0
N-acyltransferase activity	0	0	0	3.06521384582319	0	0	0	0	0	0	0	0	0	0	0	0	0	0	0	0	0	0	0	0	0	0	0	0	0	0	0	0
L-amino acid transmembrane transporter activity	0	0	0	2.76570547871205	0	0	0	0	0	0	3.61689482148212	0	0	0	0	0	0	0	0	0	0	0	0	0	0	0	0	0	0	0	0	0
lyase activity	0	0	0	2.70240296966979	0	0	0	0	4	0	0	0	0	2.46765859938211	0	0	0	0	0	0	0	0	0	0	0	4	0	0	0	0	0	0
transaminase activity	0	0	0	2.57625861270424	0	0	0	0	0	0	0	0	0	0	0	0	0	0	0	0	0	0	0	0	0	0	0	0	0	0	0	0
carbon-carbon lyase activity	0	0	0	2.5416627257314	0	0	0	0	0	0	0	0	0	0	0	0	0	0	0	0	0	0	0	0	0	0	0	0	0	0	0	0
ligase activity, forming carbon-nitrogen bonds	0	0	0	2.48558919248716	0	0	0	0	0	0	0	0	0	0	0	0	2.21403835378671	0	0	0	0	0	0	0	0	0	0	0	0	0	0	0
transferase activity, transferring acyl groups	0	0	0	2.44214965071789	0	0	0	0	0	0	0	0	0	0	0	0	0	0	0	3.35526358792996	0	0	0	0	0	0	0	0	0	0	0	0
copper ion binding	0	0	0	2.38088765164479	0	0	0	0	0	0	0	0	0	0	0	0	0	0	0	0	0	0	0	0	0	0	0	1.62346906176485	0	0	1.77757004030276	0
fibroblast growth factor receptor binding	0	0	0	2.34137823281449	0	0	0	0	0	0	0	0	0	0	0	0	0	0	0	0	0	0	0	0	0	0	0	0	0	0	0	0
transferase activity, transferring acyl groups other than amino-acyl groups	0	0	0	2.23422956251089	0	0	0	0	0	0	0	0	0	0	0	0	0	0	0	3.51595127486597	0	0	0	0	0	0	0	0	0	0	0	0
transferase activity, transferring one-carbon groups	0	0	0	2.15067464743513	0	0	0	0	0	0	0	0	0	0	0	0	2.21403835378671	0	0	0	0	0	0	0	0	0	0	0	0	0	0	0
sulfur compound binding	0	0	0	2.08177590751266	0	0	0	0	0	0	0	0	0	0	0	0	0	0	0	0	0	0	0	0	0	0	2.82624484902578	0	0	0	0	0
amino acid transmembrane transporter activity	0	0	0	1.93786666997423	0	0	0	0	0	0	2.94814122295823	0	0	0	0	0	0	0	0	0	0	0	0	0	0	0	0	0	0	0	0	0
growth factor receptor binding	0	0	0	1.92639312187189	0	0	0	0	0	0	0	0	0	0	0	0	0	0	0	0	0	0	0	0	0	0	4	0	0	0	0	0
RAGE receptor binding	0	0	0	1.91843040586641	0	0	0	0	0	0	0	0	0	0	0	0	0	0	0	0	0	0	0	0	0	0	0	4	0	0	0	0
chloride channel activity	0	0	0	1.87679014575606	0	0	0	0	0	0	0	0	0	0	0	0	0	0	0	0	0	0	0	0	0	4	0	0	0	4	0	0
phospholipase inhibitor activity	0	0	0	1.87679014575606	0	0	0	0	0	0	0	0	0	0	0	0	0	0	0	0	0	0	0	0	0	0	0	0	0	0	0	0
sodium:amino acid symporter activity	0	0	0	1.87679014575606	0	0	0	0	0	0	0	0	0	0	0	0	0	0	0	0	0	0	0	0	0	0	0	0	0	0	0	0
histone deacetylase activity (H3-K14 specific)	0	0	0	1.87679014575606	0	0	0	0	0	0	0	0	0	0	0	0	0	0	0	0	0	0	0	0	0	0	0	0	0	0	0	0
NAD-dependent histone deacetylase activity (H3-K14 specific)	0	0	0	1.87679014575606	0	0	0	0	0	0	0	0	0	0	0	0	0	0	0	0	0	0	0	0	0	0	0	0	0	0	0	0
1-phosphatidylinositol-3-kinase activity	0	0	0	1.80369077703487	0	0	0	0	0	0	0	0	0	0	0	4	0	0	0	0	0	0	0	0	0	0	4	0	0	0	0	0
dioxygenase activity	0	0	0	1.75566914107358	0	0	0	3.14364867418501	1.63882694418825	0	0	0	0	0	0	0	0	0	0	0	0	0	0	0	1.66495253987655	0	0	0	0	0	0	0
oxidoreductase activity, acting on the aldehyde or oxo group of donors	0	0	0	1.73452700395586	0	0	0	0	0	0	0	0	0	0	0	0	0	0	0	0	0	0	0	0	0	0	0	0	0	0	0	0
chloride transmembrane transporter activity	0	0	0	1.73452700395586	0	0	0	0	4	0	0	0	0	0	0	0	0	0	0	0	0	0	0	0	0	4	0	0	0	4	0	0
anion channel activity	0	0	0	1.72414063210052	0	0	0	0	0	0	0	0	0	0	0	0	0	0	0	0	0	0	0	0	0	4	0	0	0	4	0	0
hydrolase activity, hydrolyzing O-glycosyl compounds	0	0	0	1.71387461895872	0	0	0	0	0	0	0	0	0	0	0	0	0	0	0	0	0	0	0	0	0	0	0	0	0	0	0	0
solute:sodium symporter activity	0	0	0	1.68313434087545	0	0	0	0	0	0	3.44890041921405	0	0	2.46765859938211	0	0	0	0	0	0	0	0	0	0	2.11834809417507	2.45019673463795	0	2.81548733096475	0	2.62141530598337	0	0
NAD-dependent histone deacetylase activity	0	0	0	1.68313434087545	0	0	0	0	0	0	0	0	0	0	0	0	0	0	0	0	0	0	0	0	0	0	0	0	0	0	0	0
NAD-dependent protein deacetylase activity	0	0	0	1.68313434087545	0	0	0	0	0	0	0	0	0	0	0	0	0	0	0	0	0	0	0	0	0	0	0	0	0	0	0	0
phosphatidylinositol kinase activity	0	0	0	1.6581767314866	0	0	0	0	0	0	0	0	0	0	0	4	0	0	0	0	0	0	0	0	0	0	4	0	0	0	0	0
lipase inhibitor activity	0	0	0	1.64847368817179	0	0	0	0	0	0	0	0	0	0	0	0	0	0	0	0	0	0	0	0	0	0	0	0	0	0	0	0
transferase activity, transferring pentosyl groups	0	0	0	1.64624148991448	0	0	0	0	0	0	0	0	0	0	0	0	0	2.71643718094357	0	0	0	0	0	0	0	0	0	0	0	0	0	0
alkali metal ion binding	0	0	0	1.61080709916059	2.81769801491929	0	0	0	0	0	0	0	0	0	0	0	0	2.15944223952452	0	0	0	0	1.73548687050911	0	0	0	0	0	0	0	0	0
Ras guanyl-nucleotide exchange factor activity	0	0	0	1.59569777705912	1.65263907234995	0	0	0	0	0	3.32902809406658	0	0	0	0	0	0	0	0	0	2.84915506705469	0	0	0	0	0	4	0	0	3.02416877611466	0	0
oxidoreductase activity, acting on the CH-NH2 group of donors	0	0	0	1.58109640263998	0	0	0	0	0	0	0	0	0	0	0	0	0	3.33611286455846	0	0	0	0	0	0	0	2.19255051418456	0	0	0	0	0	0
oxidoreductase activity, acting on the CH-CH group of donors	0	0	0	1.56388184214304	0	0	0	0	0	0	0	0	0	0	0	0	0	0	4	0	0	0	0	1.65307400738895	0	0	0	0	0	0	0	0
cyclase activity	0	0	0	1.54813419455594	0	0	0	0	0	0	0	0	0	0	0	0	0	0	0	0	0	0	0	0	0	0	0	0	0	0	0	0
threonine-type endopeptidase activity	0	0	0	1.51721018348267	0	0	0	0	0	0	0	4	0	0	0	0	0	0	0	0	0	0	0	0	0	0	0	0	0	0	0	0
threonine-type peptidase activity	0	0	0	1.51721018348267	0	0	0	0	0	0	0	4	0	0	0	0	0	0	0	0	0	0	0	0	0	0	0	0	0	0	0	0
protein tyrosine kinase activity	0	0	0	1.51318798845764	0	0	0	0	0	0	0	0	0	0	0	0	0	0	0	0	0	0	0	1.62570515663431	0	0	4	0	0	0	0	0
electron carrier activity	0	0	0	1.51318798845764	0	0	0	0	0	0	0	0	0	4	0	0	0	2.42233970366723	2.15812266359947	0	0	0	0	0	0	0	0	0	0	0	0	0
oxidoreductase activity, acting on the CH-OH group of donors, NAD or NADP as acceptor	0	0	0	1.51318798845764	0	0	0	0	0	0	0	0	0	0	0	0	0	2.42233970366723	0	0	0	0	0	0	0	0	0	0	0	0	0	2.13410996682228
carboxylic acid transmembrane transporter activity	0	0	0	1.51318798845764	0	0	0	0	0	0	2.5042081248883	2.1269532519611	0	0	0	0	0	0	0	0	0	0	0	0	0	0	0	0	0	0	0	0
phosphatidylinositol-4,5-bisphosphate 3-kinase activity	0	0	0	1.51238588799542	0	0	0	0	0	0	0	0	0	0	0	3.00847588726524	0	0	0	0	0	0	0	0	0	0	4	0	0	0	0	0
organic acid:sodium symporter activity	0	0	0	1.51238588799542	0	0	0	0	0	0	0	0	0	0	0	0	0	0	0	0	0	0	0	0	0	0	0	0	0	0	0	0
organic acid transmembrane transporter activity	0	0	0	1.49424851073059	0	0	0	0	0	0	2.47854938396354	2.11930810804564	0	0	0	0	0	0	0	0	0	0	0	0	0	0	0	0	0	0	0	0
sodium ion binding	0	0	0	0	3.09798103345592	0	0	0	0	0	0	0	0	0	0	0	0	0	0	0	0	0	1.80880557567114	0	0	0	0	0	0	0	0	0
hormone binding	0	0	0	0	3.00104414307685	0	0	0	0	0	0	0	0	2.25455611908329	0	0	3.30646179053376	0	2.56924097456033	0	0	0	0	1.58933758520738	0	0	0	0	0	0	0	0
thioesterase binding	0	0	0	0	2.99194569208582	0	0	0	0	0	0	0	0	0	0	0	0	0	0	0	0	0	0	0	0	0	0	0	0	2.53188405506764	0	0
glutamate receptor binding	0	0	0	0	2.41931659577713	0	0	0	0	0	0	0	0	0	0	0	0	0	0	0	0	0	0	0	0	0	0	0	0	1.91231461236757	0	0
phosphatidylinositol 3-kinase binding	0	0	0	0	2.41931659577713	0	0	0	0	0	0	0	0	0	0	0	0	0	0	0	0	0	0	0	0	0	3.46605910319026	0	0	0	0	0
actin filament binding	0	0	0	0	2.37268533561598	0	0	0	0	0	0	0	0	0	0	0	0	0	0	0	0	0	0	0	0	0	2.02583356428287	0	0	0	0	2.08446890397469
calcium-dependent protein binding	0	0	0	0	1.9014377954255	0	0	0	0	0	0	0	0	0	0	0	0	0	0	0	0	0	0	0	0	0	0	1.57443678464315	0	0	0	2.85098349130695
syntaxin binding	0	0	0	0	1.65263907234995	0	0	0	0	0	1.86740298742464	0	0	0	0	0	0	0	0	0	0	0	0	0	0	0	0	0	0	0	0	0
peptide binding	0	0	0	0	0	4	0	0	0	0	4	0	0	4	0	0	0	0	2.59808873653439	0	2.83536705375096	1.98049579295627	0	0	0	0	0	1.83317485361458	0	0	0	0
amide binding	0	0	0	0	0	4	0	0	0	0	3.97487021257313	0	0	4	0	0	2.0985596377775	0	4	0	2.72355742357847	1.98049579295627	0	2.77688419682453	0	0	0	1.72983233013009	0	0	0	0
protein-hormone receptor activity	0	0	0	0	0	4	0	0	0	0	0	0	0	0	0	0	0	0	3.73839970191039	0	0	0	0	0	0	0	0	0	0	0	0	0
protein kinase C binding	0	0	0	0	0	3.31390053761469	2.08356724263885	0	0	0	0	0	0	0	0	0	0	0	0	0	0	3.16086660933202	0	0	0	0	1.87667968237477	0	0	0	0	0
toxic substance binding	0	0	0	0	0	2.04067894832671	0	0	0	0	3.41365674291388	0	0	1.82329734487594	0	0	0	0	0	0	1.65819829996121	0	0	0	0	0	0	0	0	0	2.28575753866154	0
fatty acid binding	0	0	0	0	0	1.76123639970017	0	0	0	0	0	0	0	0	0	0	0	0	0	0	0	0	3.07270860986455	0	2.53808262002913	0	0	0	0	0	2.02295666135422	0
phosphotransferase activity, nitrogenous group as acceptor	0	0	0	0	0	0	2.1210092423249	0	0	1.8600017869731	0	0	0	0	0	0	0	0	0	0	0	0	0	0	0	0	0	0	0	0	0	0
DNA binding, bending	0	0	0	0	0	0	2.1210092423249	0	0	0	0	0	0	0	0	0	0	0	0	0	0	3.71712583362651	0	0	0	0	0	0	0	0	0	0
DNA-dependent ATPase activity	0	0	0	0	0	0	2.06147516375337	0	0	0	0	0	0	0	0	0	0	0	0	0	0	3.94313354585649	0	0	0	0	0	0	0	0	0	0
histone deacetylase binding	0	0	0	0	0	0	2.06147516375337	0	0	0	0	0	0	0	0	0	0	0	0	0	0	3.91918565866108	0	0	0	0	0	0	0	0	0	0
ubiquitin binding	0	0	0	0	0	0	2.06147516375337	0	0	0	0	0	0	0	0	0	0	0	0	0	0	0	0	0	0	0	0	0	0	0	0	0
ubiquitin-like protein binding	0	0	0	0	0	0	2.06147516375337	0	0	0	0	0	0	0	0	0	0	0	0	0	0	0	0	0	0	0	0	0	0	0	0	0
isomerase activity	0	0	0	0	0	0	2.06147516375337	0	0	0	0	0	0	0	0	0	0	0	0	0	0	4	0	0	0	0	0	0	0	0	0	0
protein C-terminus binding	0	0	0	0	0	0	2.03660509795173	0	0	0	0	0	0	0	0	0	0	0	0	0	0	2.16256276998981	0	0	0	0	3.28735925091217	0	0	0	0	0
magnesium ion binding	0	0	0	0	0	0	2.03660509795173	0	0	0	0	0	0	0	0	0	0	0	0	0	0	0	0	0	0	0	0	0	0	0	0	0
peroxidase activity	0	0	0	0	0	0	0	3.8303503496391	2.1162896884582	0	0	0	0	0	0	0	0	0	0	0	0	0	0	0	2.18875664906496	0	0	0	0	0	1.79718603113602	0
oxidoreductase activity, acting on peroxide as acceptor	0	0	0	0	0	0	0	3.8303503496391	2.09784336305868	0	0	0	0	0	0	0	0	0	0	0	0	0	0	0	2.16165830848991	0	0	0	0	0	1.79718603113602	0
antioxidant activity	0	0	0	0	0	0	0	3.25237449174685	1.72927755092037	0	0	0	0	0	0	0	0	0	0	0	0	0	0	0	1.76650373981184	0	0	0	0	0	3.08827097047218	0
monocarboxylic acid binding	0	0	0	0	0	0	0	2.28020261090574	0	0	0	0	0	0	0	0	2.21403835378671	0	0	0	0	0	4	0	2.09466569897956	0	0	0	0	0	1.7814441791871	0
carbonate dehydratase activity	0	0	0	0	0	0	0	0	4	0	0	0	0	4	0	0	0	0	0	0	0	0	0	0	0	4	0	0	0	2.58186038678433	0	0
hydro-lyase activity	0	0	0	0	0	0	0	0	4	0	0	0	0	3.91083025533363	0	0	0	0	0	0	0	0	0	0	0	4	0	0	0	1.55833594618486	0	0
carbon-oxygen lyase activity	0	0	0	0	0	0	0	0	4	0	0	0	0	3.51931727473341	0	0	0	0	0	0	0	0	0	0	0	4	0	0	0	0	0	0
anion:cation symporter activity	0	0	0	0	0	0	0	0	4	0	0	0	0	0	0	0	0	0	0	0	0	0	0	0	0	0	0	0	0	0	0	0
inorganic anion transmembrane transporter activity	0	0	0	0	0	0	0	0	4	0	0	0	0	0	0	0	0	0	0	0	0	0	0	0	0	4	0	0	0	4	4	0
anion transmembrane transporter activity	0	0	0	0	0	0	0	0	4	0	0	2.38040060807349	0	0	0	0	0	0	0	0	0	0	0	0	0	4	0	0	0	4	4	0
symporter activity	0	0	0	0	0	0	0	0	4	0	2.28523071720276	0	0	0	0	0	0	0	0	1.75426950527769	0	0	0	0	0	0	0	1.69039814618745	0	0	2.62430395268994	0
secondary active transmembrane transporter activity	0	0	0	0	0	0	0	0	3.80782393319584	0	4	0	0	0	0	0	0	0	0	0	0	0	0	0	0	0	0	0	0	0	4	0
prostaglandin receptor activity	0	0	0	0	0	0	0	0	3.28662295849843	0	0	0	4	0	0	0	1.53666273299832	0	0	0	0	0	1.80880557567114	0	0	0	0	0	0	0	0	0
prostanoid receptor activity	0	0	0	0	0	0	0	0	3.22622778642026	0	0	0	4	0	0	0	1.53666273299832	0	0	0	0	0	1.80880557567114	0	0	0	0	0	0	0	0	0
carboxylic ester hydrolase activity	0	0	0	0	0	0	0	0	2.25522973987415	0	0	1.97480359055584	0	0	0	0	0	0	0	0	0	0	0	0	0	0	0	0	0	0	0	0
adenylate cyclase binding	0	0	0	0	0	0	0	0	0	1.8600017869731	0	0	0	0	0	0	0	0	0	0	0	0	0	0	0	0	0	0	0	0	0	0
G-protein coupled receptor binding	0	0	0	0	0	0	0	0	0	1.83460136361189	0	0	0	0	0	0	0	0	0	0	0	0	0	0	0	1.7569451027986	0	2.39541407422292	0	0	0	0
neurotransmitter binding	0	0	0	0	0	0	0	0	0	0	4	0	0	4	0	0	0	0	0	0	4	0	0	0	0	0	0	0	0	3.48125924237252	0	0
basic amino acid transmembrane transporter activity	0	0	0	0	0	0	0	0	0	0	4	0	0	0	0	0	0	0	0	0	0	0	0	0	0	0	0	0	0	0	0	0
acetylcholine binding	0	0	0	0	0	0	0	0	0	0	4	0	0	4	0	0	0	0	0	0	4	0	0	0	0	0	0	0	0	0	0	0
neuropeptide binding	0	0	0	0	0	0	0	0	0	0	4	0	0	4	0	0	0	0	1.7869329001038	0	0	0	0	0	0	0	0	3.85114797364651	0	0	0	0
serine hydrolase activity	0	0	0	0	0	0	0	0	0	0	4	0	0	0	0	0	0	0	0	0	0	0	0	0	0	0	0	0	0	0	0	0
ammonium ion binding	0	0	0	0	0	0	0	0	0	0	3.5646193107446	0	0	4	0	2.12179532576108	0	0	0	0	4	0	0	0	0	0	0	0	0	0	0	0
serine-type peptidase activity	0	0	0	0	0	0	0	0	0	0	3.27529157099238	0	0	0	0	0	0	0	0	0	0	0	0	0	0	0	0	0	0	0	0	0
antiporter activity	0	0	0	0	0	0	0	0	0	0	2.87514268544917	0	0	0	0	0	0	0	0	2.12753061117726	0	0	0	0	0	0	0	0	0	0	4	0
guanyl-nucleotide exchange factor activity	0	0	0	0	0	0	0	0	0	0	2.80827960808744	0	0	0	0	0	0	0	0	0	2.44846487079797	0	0	0	0	0	4	0	0	2.42552577182761	0	0
metallopeptidase activity	0	0	0	0	0	0	0	0	0	0	2.78732702036177	0	0	0	0	0	0	0	0	0	0	0	0	0	0	0	0	0	0	0	0	0
serine-type endopeptidase activity	0	0	0	0	0	0	0	0	0	0	2.60883033263608	0	0	0	0	0	0	0	0	0	0	0	0	0	0	0	0	0	0	0	0	0
exopeptidase activity	0	0	0	0	0	0	0	0	0	0	2.59241814663078	0	0	0	0	0	0	0	0	0	0	0	0	0	0	0	0	0	0	0	0	0
beta-amyloid binding	0	0	0	0	0	0	0	0	0	0	2.54077188523675	0	0	0	0	2.2974566088705	0	0	0	0	4	0	0	0	0	0	0	0	0	0	0	0
aminopeptidase activity	0	0	0	0	0	0	0	0	0	0	2.31697510508983	0	0	0	0	0	0	0	0	0	0	0	0	0	0	0	0	0	0	0	0	0
endopeptidase activity	0	0	0	0	0	0	0	0	0	0	2.25717632889919	3.56770952780206	0	0	0	0	0	0	0	0	0	0	0	0	0	0	0	0	0	0	0	0
metalloexopeptidase activity	0	0	0	0	0	0	0	0	0	0	2.08940329760025	0	0	0	0	0	0	0	0	0	0	0	0	0	0	0	0	0	0	0	0	0
collagen binding	0	0	0	0	0	0	0	0	0	0	2.05486059033865	0	0	0	0	0	0	0	0	0	0	0	0	0	0	0	1.65316043279331	0	0	0	0	0
virus receptor activity	0	0	0	0	0	0	0	0	0	0	2.02220019518434	0	0	0	0	0	0	0	0	0	0	0	0	1.55917524756959	0	0	0	0	0	0	0	0
flavin adenine dinucleotide binding	0	0	0	0	0	0	0	0	0	0	1.91851136863402	0	0	0	0	0	0	2.58170684274369	0	0	0	0	0	0	0	0	0	0	0	0	0	0
bile acid transmembrane transporter activity	0	0	0	0	0	0	0	0	0	0	0	4	0	0	0	0	0	0	0	0	0	0	0	0	0	0	0	0	0	0	0	0
sodium-independent organic anion transmembrane transporter activity	0	0	0	0	0	0	0	0	0	0	0	3.70384113634714	0	0	0	0	0	0	0	0	0	0	0	0	0	0	0	0	0	0	4	0
monocarboxylic acid transmembrane transporter activity	0	0	0	0	0	0	0	0	0	0	0	3.26264943856275	0	0	0	0	0	0	0	0	0	0	0	0	0	0	0	0	0	0	0	0
NADPH binding	0	0	0	0	0	0	0	0	0	0	0	2.512723241457	0	0	0	0	0	0	1.93511365523313	0	0	0	0	0	0	0	0	0	0	0	0	0
organic anion transmembrane transporter activity	0	0	0	0	0	0	0	0	0	0	0	2.38040060807349	0	0	0	0	0	0	0	0	0	0	0	0	0	0	0	0	0	0	4	0
triglyceride lipase activity	0	0	0	0	0	0	0	0	0	0	0	2.29927419639845	0	0	0	0	0	0	0	0	0	0	0	0	0	0	0	0	0	0	0	0
lipid transporter activity	0	0	0	0	0	0	0	0	0	0	0	2.14535350534929	0	0	0	0	0	0	0	0	0	0	0	0	0	0	0	0	0	0	0	0
oxidoreductase activity, acting on CH-OH group of donors	0	0	0	0	0	0	0	0	0	0	0	1.99634560006053	0	0	0	0	0	3.33611286455846	0	0	0	0	0	0	0	0	0	0	0	0	0	1.98760548763328
hydrolase activity, acting on carbon-nitrogen (but not peptide) bonds	0	0	0	0	0	0	0	0	0	0	0	1.97480359055584	0	0	0	0	0	0	0	0	0	0	0	0	0	0	0	0	0	0	0	0
deacetylase activity	0	0	0	0	0	0	0	0	0	0	0	1.77877886560144	0	0	0	0	0	0	0	0	0	0	0	0	0	0	0	0	0	0	0	0
coenzyme binding	0	0	0	0	0	0	0	0	0	0	0	1.77877886560144	0	0	0	0	0	2.2459842646317	0	0	0	0	0	0	0	0	0	0	0	0	0	0
acetylcholine-activated cation-selective channel activity	0	0	0	0	0	0	0	0	0	0	0	0	0	4	0	0	0	0	0	0	4	0	0	0	0	0	0	0	0	0	0	0
superoxide-generating NADPH oxidase activity	0	0	0	0	0	0	0	0	0	0	0	0	0	4	0	0	0	0	0	0	0	0	0	0	0	0	0	0	0	0	0	0
oxidoreductase activity, acting on NAD(P)H, oxygen as acceptor	0	0	0	0	0	0	0	0	0	0	0	0	0	4	0	0	0	0	0	0	0	0	0	0	0	0	0	0	0	0	0	0
oxidoreductase activity, acting on NAD(P)H	0	0	0	0	0	0	0	0	0	0	0	0	0	4	0	0	0	0	0	0	0	0	0	0	0	0	0	0	0	0	0	0
neuropeptide receptor activity	0	0	0	0	0	0	0	0	0	0	0	0	0	4	0	0	0	0	0	0	0	0	0	1.82193470296992	0	0	0	0	0	0	0	0
peptide hormone binding	0	0	0	0	0	0	0	0	0	0	0	0	0	2.73003887326413	0	0	0	0	0	0	0	0	0	0	0	0	0	0	0	0	0	0
Ras GTPase binding	0	0	0	0	0	0	0	0	0	0	0	0	0	1.98955358731992	0	0	0	0	0	0	0	0	0	0	0	0	0	0	0	0	0	0
small GTPase binding	0	0	0	0	0	0	0	0	0	0	0	0	0	1.93051142302521	0	0	0	0	0	0	0	0	0	0	0	0	0	0	0	0	0	0
GTPase binding	0	0	0	0	0	0	0	0	0	0	0	0	0	1.85181869224707	0	0	0	0	0	0	0	0	0	0	0	0	0	0	0	0	0	0
SH3 domain binding	0	0	0	0	0	0	0	0	0	0	0	0	0	1.8346621707507	0	0	0	0	0	0	0	0	0	0	0	0	0	0	0	0	0	0
Rab GTPase binding	0	0	0	0	0	0	0	0	0	0	0	0	0	1.79227580015909	0	0	0	0	0	0	0	0	0	0	0	0	0	0	0	0	0	0
DNA-directed DNA polymerase activity	0	0	0	0	0	0	0	0	0	0	0	0	0	0	4	0	0	0	0	0	0	0	0	0	0	0	0	0	0	0	0	0
DNA polymerase activity	0	0	0	0	0	0	0	0	0	0	0	0	0	0	4	0	0	0	0	0	0	0	0	0	0	0	0	0	0	0	0	0
purinergic receptor activity	0	0	0	0	0	0	0	0	0	0	0	0	0	0	4	4	0	0	0	0	0	0	0	0	0	0	0	0	0	0	0	0
oxidoreductase activity, acting on CH or CH2 groups	0	0	0	0	0	0	0	0	0	0	0	0	0	0	4	0	0	2.25373669951379	0	1.66022965703494	0	0	0	0	0	0	0	0	0	0	0	0
nucleotidyltransferase activity	0	0	0	0	0	0	0	0	0	0	0	0	0	0	4	0	0	0	0	0	0	0	0	0	0	0	0	0	0	0	0	0
nucleobase-containing compound kinase activity	0	0	0	0	0	0	0	0	0	0	0	0	0	0	3.24560712875768	0	0	0	0	0	0	0	0	0	0	0	0	0	0	0	0	0
nucleoside kinase activity	0	0	0	0	0	0	0	0	0	0	0	0	0	0	2.82829924488784	0	0	0	0	0	0	0	0	0	0	0	0	0	0	0	0	0
exonuclease activity	0	0	0	0	0	0	0	0	0	0	0	0	0	0	2.82829924488784	0	0	0	0	0	0	0	0	0	0	0	0	0	0	0	0	0
4 iron, 4 sulfur cluster binding	0	0	0	0	0	0	0	0	0	0	0	0	0	0	2.0475015055823	0	0	2.00324936667963	0	0	0	0	0	0	0	0	0	0	0	0	0	0
3'-5' exonuclease activity	0	0	0	0	0	0	0	0	0	0	0	0	0	0	1.93222026230396	0	0	0	0	0	0	0	0	0	0	0	0	0	0	0	0	0
nuclease activity	0	0	0	0	0	0	0	0	0	0	0	0	0	0	1.8051945754403	0	0	0	0	0	0	0	0	0	0	0	0	0	0	0	0	0
iron-sulfur cluster binding	0	0	0	0	0	0	0	0	0	0	0	0	0	0	1.8051945754403	0	0	2.69655407346438	0	0	0	0	0	0	0	0	0	0	0	0	0	0
metal cluster binding	0	0	0	0	0	0	0	0	0	0	0	0	0	0	1.8051945754403	0	0	2.69655407346438	0	0	0	0	0	0	0	0	0	0	0	0	0	0
calcium-release channel activity	0	0	0	0	0	0	0	0	0	0	0	0	0	0	0	4	0	0	0	0	0	0	0	0	0	0	0	0	0	0	0	0
ligand-gated calcium channel activity	0	0	0	0	0	0	0	0	0	0	0	0	0	0	0	4	0	0	0	0	0	0	0	0	0	0	0	0	0	0	0	0
intracellular ligand-gated ion channel activity	0	0	0	0	0	0	0	0	0	0	0	0	0	0	0	4	0	0	0	0	0	0	0	0	2.41980472379666	0	0	0	0	0	0	0
inositol 1,4,5 trisphosphate binding	0	0	0	0	0	0	0	0	0	0	0	0	0	0	0	4	0	0	0	0	0	0	0	0	0	0	0	0	0	0	0	0
phosphatidylinositol phosphate kinase activity	0	0	0	0	0	0	0	0	0	0	0	0	0	0	0	4	0	0	0	0	0	0	0	0	0	0	0	0	0	0	0	0
phosphatidylinositol 3-kinase activity	0	0	0	0	0	0	0	0	0	0	0	0	0	0	0	4	0	0	0	0	0	0	0	0	0	0	4	0	0	0	0	0
insulin receptor substrate binding	0	0	0	0	0	0	0	0	0	0	0	0	0	0	0	3.09811974370532	0	0	0	0	0	0	0	0	0	0	0	0	0	0	0	0
guanyl ribonucleotide binding	0	0	0	0	0	0	0	0	0	0	0	0	0	0	0	3.09811974370532	0	0	0	0	0	0	0	2.0127418368741	0	0	0	0	0	0	0	0
guanyl nucleotide binding	0	0	0	0	0	0	0	0	0	0	0	0	0	0	0	3.09811974370532	0	0	0	0	0	0	0	2.0127418368741	0	0	0	0	0	0	0	0
phosphatidylinositol bisphosphate kinase activity	0	0	0	0	0	0	0	0	0	0	0	0	0	0	0	2.96385997327734	0	0	0	0	0	0	0	0	0	0	4	0	0	0	0	0
alcohol binding	0	0	0	0	0	0	0	0	0	0	0	0	0	0	0	2.84607709235219	0	0	0	0	0	0	0	0	0	0	0	0	0	0	0	0
phosphatidylinositol binding	0	0	0	0	0	0	0	0	0	0	0	0	0	0	0	2.569306943899	0	0	0	0	0	0	0	0	0	0	0	0	0	0	0	0
phospholipid binding	0	0	0	0	0	0	0	0	0	0	0	0	0	0	0	1.92116312387939	0	0	0	0	0	0	0	0	0	0	0	0	0	0	0	0
heat shock protein binding	0	0	0	0	0	0	0	0	0	0	0	0	0	0	0	1.63276615565937	0	0	0	0	0	0	0	0	0	0	2.40742112896739	0	0	0	0	0
modified amino acid binding	0	0	0	0	0	0	0	0	0	0	0	0	0	0	0	0	2.0985596377775	0	0	0	0	0	0	0	0	0	0	0	0	0	0	0
vitamin binding	0	0	0	0	0	0	0	0	0	0	0	0	0	0	0	0	1.95985623979576	0	0	0	0	0	2.18802027130958	0	0	0	0	0	0	0	0	0
chromatin DNA binding	0	0	0	0	0	0	0	0	0	0	0	0	0	0	0	0	1.82027165118403	0	0	0	0	0	2.04269435096729	0	0	0	0	0	0	0	0	0
structure-specific DNA binding	0	0	0	0	0	0	0	0	0	0	0	0	0	0	0	0	1.57036093984782	0	0	0	0	0	1.80880557567114	0	0	0	0	0	0	0	0	0
chromatin binding	0	0	0	0	0	0	0	0	0	0	0	0	0	0	0	0	1.53666273299832	0	0	0	0	0	1.80880557567114	0	0	0	0	0	0	0	0	0
type 1 angiotensin receptor binding	0	0	0	0	0	0	0	0	0	0	0	0	0	0	0	0	1.53666273299832	0	0	0	0	0	0	0	0	0	0	0	0	0	0	0
long-chain fatty acid binding	0	0	0	0	0	0	0	0	0	0	0	0	0	0	0	0	1.53666273299832	0	0	0	0	0	3.76808675928756	0	0	0	0	0	0	0	0	0
mRNA binding	0	0	0	0	0	0	0	0	0	0	0	0	0	0	0	0	1.53666273299832	0	0	0	0	0	0	0	0	0	0	0	0	0	0	0
angiotensin receptor binding	0	0	0	0	0	0	0	0	0	0	0	0	0	0	0	0	1.53666273299832	0	0	0	0	0	0	0	0	0	0	0	0	0	0	0
ATPase-coupled anion transmembrane transporter activity	0	0	0	0	0	0	0	0	0	0	0	0	0	0	0	0	1.53666273299832	0	0	0	0	0	0	0	0	0	0	0	0	0	0	0
oxidoreductase activity, acting on the CH-NH2 group of donors, oxygen as acceptor	0	0	0	0	0	0	0	0	0	0	0	0	0	0	0	0	0	3.33611286455846	0	0	0	0	0	0	0	2.37506814660745	0	0	0	0	0	0
structural constituent of cytoskeleton	0	0	0	0	0	0	0	0	0	0	0	0	0	0	0	0	0	2.42233970366723	0	0	0	0	0	0	0	0	0	0	0	0	0	0
potassium ion binding	0	0	0	0	0	0	0	0	0	0	0	0	0	0	0	0	0	2.21470270078461	0	0	0	0	1.78705284155046	0	0	0	0	0	0	0	0	0
GTPase activity	0	0	0	0	0	0	0	0	0	0	0	0	0	0	0	0	0	2.15944223952452	0	0	0	0	0	0	0	0	0	0	0	0	0	0
MHC class I protein binding	0	0	0	0	0	0	0	0	0	0	0	0	0	0	0	0	0	2.1525111511088	0	0	0	0	0	0	0	0	0	0	0	0	0	0
2 iron, 2 sulfur cluster binding	0	0	0	0	0	0	0	0	0	0	0	0	0	0	0	0	0	2.11752332791643	0	0	0	0	0	0	0	0	0	0	0	0	0	0
transferase activity, transferring glycosyl groups	0	0	0	0	0	0	0	0	0	0	0	0	0	0	0	0	0	2.11752332791643	0	0	0	0	0	0	0	0	0	0	0	0	0	0
MHC protein binding	0	0	0	0	0	0	0	0	0	0	0	0	0	0	0	0	0	2.08083687048607	0	0	0	0	0	0	0	0	0	0	0	0	0	0
steroid binding	0	0	0	0	0	0	0	0	0	0	0	0	0	0	0	0	0	0	4	0	0	0	4	0	1.66495253987655	0	0	0	3.51166124606159	0	0	0
oxidoreductase activity, acting on the CH-CH group of donors, NAD or NADP as acceptor	0	0	0	0	0	0	0	0	0	0	0	0	0	0	0	0	0	0	4	0	0	0	0	2.25251720184073	0	0	0	0	0	0	0	0
ATPase binding	0	0	0	0	0	0	0	0	0	0	0	0	0	0	0	0	0	0	3.73839970191039	0	0	0	0	0	0	0	0	0	0	0	0	0
steroid dehydrogenase activity	0	0	0	0	0	0	0	0	0	0	0	0	0	0	0	0	0	0	3.09562496005126	0	0	0	0	2.13034877190245	0	0	0	0	0	0	0	0
transcription factor activity, RNA polymerase II core promoter proximal region sequence-specific binding	0	0	0	0	0	0	0	0	0	0	0	0	0	0	0	0	0	0	3.09562496005126	0	0	0	0	0	0	0	0	0	0	0	0	0
RNA polymerase II core promoter proximal region sequence-specific DNA binding	0	0	0	0	0	0	0	0	0	0	0	0	0	0	0	0	0	0	3.07018735931802	0	0	0	0	0	0	0	0	0	0	0	0	0
core promoter proximal region sequence-specific DNA binding	0	0	0	0	0	0	0	0	0	0	0	0	0	0	0	0	0	0	3.05418496897338	0	0	0	0	0	0	0	0	0	0	0	0	0
core promoter proximal region DNA binding	0	0	0	0	0	0	0	0	0	0	0	0	0	0	0	0	0	0	3.05418496897338	0	0	0	0	0	0	0	0	0	0	0	0	0
beta-catenin binding	0	0	0	0	0	0	0	0	0	0	0	0	0	0	0	0	0	0	2.38919430392135	0	0	0	0	0	0	0	0	0	0	0	0	0
core promoter sequence-specific DNA binding	0	0	0	0	0	0	0	0	0	0	0	0	0	0	0	0	0	0	2.22507156937886	0	0	0	0	0	0	0	0	0	0	0	0	0
receptor antagonist activity	0	0	0	0	0	0	0	0	0	0	0	0	0	0	0	0	0	0	2.00655106086441	0	0	0	0	0	0	0	0	0	0	0	0	0
core promoter binding	0	0	0	0	0	0	0	0	0	0	0	0	0	0	0	0	0	0	1.96879375875663	0	0	0	0	0	0	0	0	0	0	0	0	0
receptor inhibitor activity	0	0	0	0	0	0	0	0	0	0	0	0	0	0	0	0	0	0	1.95328399541801	0	0	0	0	0	0	0	0	0	0	0	0	0
microtubule binding	0	0	0	0	0	0	0	0	0	0	0	0	0	0	0	0	0	0	1.7869329001038	0	0	0	0	0	0	0	0	0	0	0	0	0
aldo-keto reductase (NADP) activity	0	0	0	0	0	0	0	0	0	0	0	0	0	0	0	0	0	0	1.73203043639195	0	0	0	0	0	0	0	0	0	0	0	0	0
organic cation transmembrane transporter activity	0	0	0	0	0	0	0	0	0	0	0	0	0	0	0	0	0	0	0	4	0	0	0	0	0	0	0	0	0	0	0	0
O-acyltransferase activity	0	0	0	0	0	0	0	0	0	0	0	0	0	0	0	0	0	0	0	4	0	0	0	0	0	0	0	0	0	0	0	0
modified amino acid transmembrane transporter activity	0	0	0	0	0	0	0	0	0	0	0	0	0	0	0	0	0	0	0	3.23377335501535	0	0	0	0	0	0	0	0	0	0	0	0
cation:cation antiporter activity	0	0	0	0	0	0	0	0	0	0	0	0	0	0	0	0	0	0	0	2.81720061082411	0	0	0	0	0	0	0	0	0	0	0	0
solute:cation antiporter activity	0	0	0	0	0	0	0	0	0	0	0	0	0	0	0	0	0	0	0	2.74007037023351	0	0	0	0	0	0	0	0	0	0	0	0
palmitoyltransferase activity	0	0	0	0	0	0	0	0	0	0	0	0	0	0	0	0	0	0	0	2.67480592288117	0	0	0	0	0	0	0	0	0	0	0	0
ion antiporter activity	0	0	0	0	0	0	0	0	0	0	0	0	0	0	0	0	0	0	0	2.40480770827603	0	0	0	0	0	0	0	0	0	0	4	0
PDZ domain binding	0	0	0	0	0	0	0	0	0	0	0	0	0	0	0	0	0	0	0	2.12753061117726	0	0	0	0	0	0	0	0	0	0	0	0
glutathione binding	0	0	0	0	0	0	0	0	0	0	0	0	0	0	0	0	0	0	0	0	1.65819829996121	0	0	0	0	0	0	0	0	0	0	0
oligopeptide binding	0	0	0	0	0	0	0	0	0	0	0	0	0	0	0	0	0	0	0	0	1.63104073487386	0	0	0	0	0	0	0	0	0	0	0
unfolded protein binding	0	0	0	0	0	0	0	0	0	0	0	0	0	0	0	0	0	0	0	0	0	3.91918565866108	0	0	0	0	0	0	0	0	0	0
ATPase activity	0	0	0	0	0	0	0	0	0	0	0	0	0	0	0	0	0	0	0	0	0	3.62622866257176	0	0	0	0	0	0	0	0	0	0
peptidyl-prolyl cis-trans isomerase activity	0	0	0	0	0	0	0	0	0	0	0	0	0	0	0	0	0	0	0	0	0	3.16086660933202	0	0	0	0	0	0	0	0	0	0
cis-trans isomerase activity	0	0	0	0	0	0	0	0	0	0	0	0	0	0	0	0	0	0	0	0	0	3.16086660933202	0	0	0	0	0	0	0	0	0	0
ATPase activity, coupled	0	0	0	0	0	0	0	0	0	0	0	0	0	0	0	0	0	0	0	0	0	2.85946161651777	0	0	0	0	0	0	0	0	0	0
tau protein binding	0	0	0	0	0	0	0	0	0	0	0	0	0	0	0	0	0	0	0	0	0	2.04729418464615	0	0	0	0	0	0	0	0	0	0
low-density lipoprotein particle receptor binding	0	0	0	0	0	0	0	0	0	0	0	0	0	0	0	0	0	0	0	0	0	1.98049579295627	0	0	0	0	0	0	0	0	0	0
MHC class II protein complex binding	0	0	0	0	0	0	0	0	0	0	0	0	0	0	0	0	0	0	0	0	0	1.98049579295627	0	0	0	0	0	0	0	0	0	0
MHC protein complex binding	0	0	0	0	0	0	0	0	0	0	0	0	0	0	0	0	0	0	0	0	0	1.93583018213906	0	0	0	0	0	0	0	0	0	0
lipoprotein particle receptor binding	0	0	0	0	0	0	0	0	0	0	0	0	0	0	0	0	0	0	0	0	0	1.93486283089596	0	0	0	0	0	0	0	0	0	0
ATP-dependent DNA helicase activity	0	0	0	0	0	0	0	0	0	0	0	0	0	0	0	0	0	0	0	0	0	1.71382359444308	0	0	0	0	0	0	0	0	0	0
retinoid X receptor binding	0	0	0	0	0	0	0	0	0	0	0	0	0	0	0	0	0	0	0	0	0	0	4	0	2.83954902062528	0	0	0	0	0	0	0
retinoic acid receptor binding	0	0	0	0	0	0	0	0	0	0	0	0	0	0	0	0	0	0	0	0	0	0	4	0	2.53808262002913	0	0	0	0	0	0	0
nuclear hormone receptor binding	0	0	0	0	0	0	0	0	0	0	0	0	0	0	0	0	0	0	0	0	0	0	4	0	2.34774302959664	0	1.97660787356286	0	0	0	0	0
hormone receptor binding	0	0	0	0	0	0	0	0	0	0	0	0	0	0	0	0	0	0	0	0	0	0	4	0	2.24218484090546	0	2.62479364753876	0	0	0	0	0
transcription coactivator activity	0	0	0	0	0	0	0	0	0	0	0	0	0	0	0	0	0	0	0	0	0	0	4	0	0	0	0	0	0	0	0	0
retinoid binding	0	0	0	0	0	0	0	0	0	0	0	0	0	0	0	0	0	0	0	0	0	0	2.9465243667903	0	0	0	0	0	0	0	0	0
isoprenoid binding	0	0	0	0	0	0	0	0	0	0	0	0	0	0	0	0	0	0	0	0	0	0	2.9465243667903	0	0	0	0	0	0	0	0	0
transcriptional repressor activity, RNA polymerase II transcription regulatory region sequence-specific binding	0	0	0	0	0	0	0	0	0	0	0	0	0	0	0	0	0	0	0	0	0	0	2.78288649872556	0	0	0	0	0	0	0	0	0
transcriptional repressor activity, RNA polymerase II core promoter proximal region sequence-specific binding	0	0	0	0	0	0	0	0	0	0	0	0	0	0	0	0	0	0	0	0	0	0	1.96957969019933	0	0	0	0	0	0	0	0	0
translation repressor activity, nucleic acid binding	0	0	0	0	0	0	0	0	0	0	0	0	0	0	0	0	0	0	0	0	0	0	1.80880557567114	0	0	0	0	0	0	0	0	0
sodium:potassium-exchanging ATPase activity	0	0	0	0	0	0	0	0	0	0	0	0	0	0	0	0	0	0	0	0	0	0	1.80880557567114	0	0	0	0	0	0	0	0	0
very long-chain fatty acid-CoA ligase activity	0	0	0	0	0	0	0	0	0	0	0	0	0	0	0	0	0	0	0	0	0	0	1.80880557567114	0	0	0	0	0	0	0	0	0
potassium-transporting ATPase activity	0	0	0	0	0	0	0	0	0	0	0	0	0	0	0	0	0	0	0	0	0	0	1.80880557567114	0	0	0	0	0	0	0	0	0
protein kinase B binding	0	0	0	0	0	0	0	0	0	0	0	0	0	0	0	0	0	0	0	0	0	0	1.80880557567114	0	0	0	0	0	0	0	0	0
long-chain fatty acid-CoA ligase activity	0	0	0	0	0	0	0	0	0	0	0	0	0	0	0	0	0	0	0	0	0	0	1.80880557567114	0	0	0	0	0	0	0	0	0
nucleoside transmembrane transporter activity	0	0	0	0	0	0	0	0	0	0	0	0	0	0	0	0	0	0	0	0	0	0	1.80880557567114	0	0	0	0	0	0	0	0	0
retinal binding	0	0	0	0	0	0	0	0	0	0	0	0	0	0	0	0	0	0	0	0	0	0	1.80880557567114	0	0	0	0	0	0	0	0	0
retinol binding	0	0	0	0	0	0	0	0	0	0	0	0	0	0	0	0	0	0	0	0	0	0	1.80880557567114	0	0	0	0	0	0	0	0	0
vitamin D receptor binding	0	0	0	0	0	0	0	0	0	0	0	0	0	0	0	0	0	0	0	0	0	0	1.76811578637571	0	0	0	0	0	0	0	0	0
retinoic acid binding	0	0	0	0	0	0	0	0	0	0	0	0	0	0	0	0	0	0	0	0	0	0	1.76811578637571	0	0	0	0	0	0	0	0	0
fatty acid ligase activity	0	0	0	0	0	0	0	0	0	0	0	0	0	0	0	0	0	0	0	0	0	0	1.76811578637571	0	0	0	0	0	0	0	0	0
translation regulator activity, nucleic acid binding	0	0	0	0	0	0	0	0	0	0	0	0	0	0	0	0	0	0	0	0	0	0	1.73548687050911	0	0	0	0	0	0	0	0	0
translation repressor activity	0	0	0	0	0	0	0	0	0	0	0	0	0	0	0	0	0	0	0	0	0	0	1.68655205678472	0	0	0	0	0	0	0	0	0
double-stranded RNA binding	0	0	0	0	0	0	0	0	0	0	0	0	0	0	0	0	0	0	0	0	0	0	0	1.59964214965167	0	0	0	0	0	0	0	0
transmembrane receptor protein tyrosine kinase activity	0	0	0	0	0	0	0	0	0	0	0	0	0	0	0	0	0	0	0	0	0	0	0	1.58933758520738	0	0	4	0	0	0	0	0
chloride channel regulator activity	0	0	0	0	0	0	0	0	0	0	0	0	0	0	0	0	0	0	0	0	0	0	0	0	2.74934680743491	0	0	0	0	0	0	0
glucose transmembrane transporter activity	0	0	0	0	0	0	0	0	0	0	0	0	0	0	0	0	0	0	0	0	0	0	0	0	2.67105091010773	0	0	0	0	0	0	0
monosaccharide transmembrane transporter activity	0	0	0	0	0	0	0	0	0	0	0	0	0	0	0	0	0	0	0	0	0	0	0	0	2.66356087275934	0	0	0	0	0	0	0
hexose transmembrane transporter activity	0	0	0	0	0	0	0	0	0	0	0	0	0	0	0	0	0	0	0	0	0	0	0	0	2.66356087275934	0	0	0	0	0	0	0
sugar transmembrane transporter activity	0	0	0	0	0	0	0	0	0	0	0	0	0	0	0	0	0	0	0	0	0	0	0	0	2.34774302959664	0	0	0	0	0	0	0
channel inhibitor activity	0	0	0	0	0	0	0	0	0	0	0	0	0	0	0	0	0	0	0	0	0	0	0	0	2.2889328033427	0	0	0	0	0	0	0
carbohydrate transmembrane transporter activity	0	0	0	0	0	0	0	0	0	0	0	0	0	0	0	0	0	0	0	0	0	0	0	0	2.18875664906496	0	0	0	0	0	0	0
carbohydrate transporter activity	0	0	0	0	0	0	0	0	0	0	0	0	0	0	0	0	0	0	0	0	0	0	0	0	2.18875664906496	0	0	0	0	0	0	0
phosphoprotein binding	0	0	0	0	0	0	0	0	0	0	0	0	0	0	0	0	0	0	0	0	0	0	0	0	2.05618762485658	0	1.76892871544314	0	0	0	0	0
GABA-A receptor activity	0	0	0	0	0	0	0	0	0	0	0	0	0	0	0	0	0	0	0	0	0	0	0	0	0	4	0	0	0	4	0	0
GABA receptor binding	0	0	0	0	0	0	0	0	0	0	0	0	0	0	0	0	0	0	0	0	0	0	0	0	0	4	0	0	0	4	0	0
transmembrane receptor protein kinase activity	0	0	0	0	0	0	0	0	0	0	0	0	0	0	0	0	0	0	0	0	0	0	0	0	0	0	4	0	0	0	0	0
non-membrane spanning protein tyrosine kinase activity	0	0	0	0	0	0	0	0	0	0	0	0	0	0	0	0	0	0	0	0	0	0	0	0	0	0	4	0	0	0	0	0
growth factor binding	0	0	0	0	0	0	0	0	0	0	0	0	0	0	0	0	0	0	0	0	0	0	0	0	0	0	4	2.65813980627365	0	0	0	0
receptor signaling protein activity	0	0	0	0	0	0	0	0	0	0	0	0	0	0	0	0	0	0	0	0	0	0	0	0	0	0	4	0	0	0	0	0
protein serine/threonine kinase activity	0	0	0	0	0	0	0	0	0	0	0	0	0	0	0	0	0	0	0	0	0	0	0	0	0	0	4	0	0	0	0	0
receptor signaling protein serine/threonine kinase activity	0	0	0	0	0	0	0	0	0	0	0	0	0	0	0	0	0	0	0	0	0	0	0	0	0	0	4	0	0	0	0	0
platelet-derived growth factor receptor binding	0	0	0	0	0	0	0	0	0	0	0	0	0	0	0	0	0	0	0	0	0	0	0	0	0	0	4	0	0	0	0	0
MAP kinase kinase kinase activity	0	0	0	0	0	0	0	0	0	0	0	0	0	0	0	0	0	0	0	0	0	0	0	0	0	0	4	0	0	0	0	0
integrin binding	0	0	0	0	0	0	0	0	0	0	0	0	0	0	0	0	0	0	0	0	0	0	0	0	0	0	4	0	0	0	0	0
heparin binding	0	0	0	0	0	0	0	0	0	0	0	0	0	0	0	0	0	0	0	0	0	0	0	0	0	0	3.46605910319026	0	0	0	0	0
glycosaminoglycan binding	0	0	0	0	0	0	0	0	0	0	0	0	0	0	0	0	0	0	0	0	0	0	0	0	0	0	2.9911480033954	0	0	0	0	0
glucocorticoid receptor binding	0	0	0	0	0	0	0	0	0	0	0	0	0	0	0	0	0	0	0	0	0	0	0	0	0	0	2.9033288256795	0	0	0	0	0
platelet-derived growth factor binding	0	0	0	0	0	0	0	0	0	0	0	0	0	0	0	0	0	0	0	0	0	0	0	0	0	0	2.9033288256795	0	0	0	0	0
MAP kinase kinase activity	0	0	0	0	0	0	0	0	0	0	0	0	0	0	0	0	0	0	0	0	0	0	0	0	0	0	2.78222807498869	0	0	0	0	0
mitogen-activated protein kinase kinase binding	0	0	0	0	0	0	0	0	0	0	0	0	0	0	0	0	0	0	0	0	0	0	0	0	0	0	2.62479364753876	0	0	0	0	0
ephrin receptor activity	0	0	0	0	0	0	0	0	0	0	0	0	0	0	0	0	0	0	0	0	0	0	0	0	0	0	2.48644225140958	0	0	0	0	0
steroid hormone receptor binding	0	0	0	0	0	0	0	0	0	0	0	0	0	0	0	0	0	0	0	0	0	0	0	0	0	0	2.46174506830532	0	0	0	0	0
protein serine/threonine kinase activator activity	0	0	0	0	0	0	0	0	0	0	0	0	0	0	0	0	0	0	0	0	0	0	0	0	0	0	2.42370748836366	0	0	0	0	0
cell adhesion molecule binding	0	0	0	0	0	0	0	0	0	0	0	0	0	0	0	0	0	0	0	0	0	0	0	0	0	0	2.35262330220995	0	0	0	0	0
actin monomer binding	0	0	0	0	0	0	0	0	0	0	0	0	0	0	0	0	0	0	0	0	0	0	0	0	0	0	2.29468398419227	0	0	0	0	0
ephrin receptor binding	0	0	0	0	0	0	0	0	0	0	0	0	0	0	0	0	0	0	0	0	0	0	0	0	0	0	2.29468398419227	0	0	0	0	0
SH2 domain binding	0	0	0	0	0	0	0	0	0	0	0	0	0	0	0	0	0	0	0	0	0	0	0	0	0	0	2.21544857446922	0	0	0	0	0
glycoprotein binding	0	0	0	0	0	0	0	0	0	0	0	0	0	0	0	0	0	0	0	0	0	0	0	0	0	0	2.21544857446922	0	0	0	0	0
epidermal growth factor receptor binding	0	0	0	0	0	0	0	0	0	0	0	0	0	0	0	0	0	0	0	0	0	0	0	0	0	0	2.20207129481988	0	0	0	0	0
protein serine/threonine/tyrosine kinase activity	0	0	0	0	0	0	0	0	0	0	0	0	0	0	0	0	0	0	0	0	0	0	0	0	0	0	1.97660787356286	0	0	0	0	0
manganese ion binding	0	0	0	0	0	0	0	0	0	0	0	0	0	0	0	0	0	0	0	0	0	0	0	0	0	0	1.8586955533505	0	0	0	0	0
protein kinase activator activity	0	0	0	0	0	0	0	0	0	0	0	0	0	0	0	0	0	0	0	0	0	0	0	0	0	0	1.68998569950829	0	0	0	0	0
phosphoprotein phosphatase activity	0	0	0	0	0	0	0	0	0	0	0	0	0	0	0	0	0	0	0	0	0	0	0	0	0	0	1.65316043279331	0	0	0	0	0
protein serine/threonine phosphatase activity	0	0	0	0	0	0	0	0	0	0	0	0	0	0	0	0	0	0	0	0	0	0	0	0	0	0	1.63133088529068	0	0	0	0	0
kinase activator activity	0	0	0	0	0	0	0	0	0	0	0	0	0	0	0	0	0	0	0	0	0	0	0	0	0	0	1.63133088529068	0	0	0	0	1.57448514225598
S100 protein binding	0	0	0	0	0	0	0	0	0	0	0	0	0	0	0	0	0	0	0	0	0	0	0	0	0	0	0	2.70331195013973	0	0	0	0
protein kinase C activity	0	0	0	0	0	0	0	0	0	0	0	0	0	0	0	0	0	0	0	0	0	0	0	0	0	0	0	0	3.32972414311228	0	0	0
calcium-dependent phospholipid binding	0	0	0	0	0	0	0	0	0	0	0	0	0	0	0	0	0	0	0	0	0	0	0	0	0	0	0	0	2.5423293240667	0	0	0
inorganic anion exchanger activity	0	0	0	0	0	0	0	0	0	0	0	0	0	0	0	0	0	0	0	0	0	0	0	0	0	0	0	0	0	0	4	0
anion:anion antiporter activity	0	0	0	0	0	0	0	0	0	0	0	0	0	0	0	0	0	0	0	0	0	0	0	0	0	0	0	0	0	0	4	0
amide transmembrane transporter activity	0	0	0	0	0	0	0	0	0	0	0	0	0	0	0	0	0	0	0	0	0	0	0	0	0	0	0	0	0	0	4	0
solute:proton symporter activity	0	0	0	0	0	0	0	0	0	0	0	0	0	0	0	0	0	0	0	0	0	0	0	0	0	0	0	0	0	0	4	0
chloride ion binding	0	0	0	0	0	0	0	0	0	0	0	0	0	0	0	0	0	0	0	0	0	0	0	0	0	0	0	0	0	0	2.20767059118249	0
retinol dehydrogenase activity	0	0	0	0	0	0	0	0	0	0	0	0	0	0	0	0	0	0	0	0	0	0	0	0	0	0	0	0	0	0	0	2.56887110056396
